1011
10114
10122
103
10324
10362
10378
10432
1045453
10473
10485
105694
10753
10795
10803
1094833
1098413
1100072
11198
11202
11248
11253
11423
1147220
11473
1147320
1148495
1156
117055
1193326
121191
1223
1232150
1242127
1242987
1242999
1251
12574
1294580
1298944
1302966
1307080
1307298
1307619
1312397
1316105
1344
134547
1363268
1363569
1364347
1366227
1369713
141704
1424911
1425099
1426417
1426664
1430438
1433693
1442981
14448
1534772
1535218
1535457
1535922
1543543
1544460
1546450
1547545
155002
15657
1592737
1597258
1597582
1597876
1601374
1603296
1603350
1606274
1622
1659191
1670304
1716278
1721560
1721947
1722365
1723735
1723738
1726104
1727455
1731071
1747556
1760
177906
1792776
1828
18330
1855735
1862579
1873916
1875534
1897
1918231
191831
1919083
1919503
1921217
194000
1940332
1940643
1942950
194337
1945077
1946825
196319
1986438
1986808
1987398
1999574
2049106
2049122
2049873
2054068
2058509
2058826
2058849
2099295
2099704
2103164
2105
2105628
2105806
2105845
2109055
2109855
2118578
2121416
2123125
214470
2169285
2174090
2178390
2180325
2183102
2193
2197490
2197862
221050
224905
2262435
2268307
2272107
2274378
2282018
2289380
23066
233272
234449
2346
2359268
2360231
2361285
2362165
2369389
2370147
2374729
2384449
2387211
2387277
2387834
2394936
2418
24698
2472778
2473851
2474039
2477103
2478439
2479136
2479690
24909
2531369
253337
2534233
253453
2536430
2539967
2540964
2549199
2550714
2550729
2555
2567226
2570736
2571095
2584304
258494
2587059
2590743
26225
262323
26237
263010
263034
27100
274771
282357
282388
283821
283838
29151
3002
301739
3022
3041
3098
3100
3109
31435
31805
318341
324072
32592
3264
328134
3288
3355
337068
337523
337525
338036
33910
34132
3423
342369
34347
3498
35302
357977
358255
358258
3639
37776
38409
38782
39541
3995
40048
4018
4089
4126
4179
42375
42604
42736
4278
44
44151
44157
4488
4492
4508
4603
473387
475230
475342
47613
480167
495881
50610
508
50975
51499
5296
5464
5492
5542
5552
5650
5657
5666
56946
57308
5879
5880
5882
591781
5992
612
612937
6313
632
6371
6466
6468
6470
657797
6581
662019
662281
6674
6691
6703
6718
6750
68092
683
68442
68446
6851
6854
6902
6915
6960
6995
7004
7005
70223
70561
712566
714438
725
72962
72965
73710
7514
7617
77655
8011
805452
8091
81638
82122
828529
83008
8308
8410
84857
8702
877015
877510
9143
9549
974779
9796
9863
9884
993449
996051
997261
